300 325
208 321
13 308
283 287
78 340
59 248
165 166
49 221
162 174
95 239
82 234
117 309
65 243
131 340
40 314
195 254
132 239
119 270
84 238
325 -2
245 275
73 235
169 310
67 248
229 -2
204 305
310 -2
172 175
221 324
220 231
183 212
7 242
13 52
19 110
103 106
87 249
309 -2
50 60
249 315
1 69
234 239
229 -2
132 166
89 92
43 52
129 278
128 262
170 255
174 196
75 215
64 86
93 250
10 225
254 -2
158 189
189 291
136 285
155 250
124 130
92 166
17 246
46 80
159 192
185 205
70 232
266 271
13 260
193 199
13 228
130 254
80 145
17 123
54 237
18 104
105 195
14 226
6 219
123 237
181 275
144 232
66 103
35 60
232 268
103 264
63 251
51 223
264 -2
124 127
67 227
120 237
92 173
134 137
182 211
91 241
231 -2
109 258
184 -2
153 192
191 -2
175 188
158 184
37 156
228 246
178 239
19 195
102 118
137 201
57 61
126 211
173 232
88 89
153 239
140 141
23 227
56 233
58 93
191 -2
87 96
164 197
106 110
3 98
71 78
168 202
202 211
78 99
113 132
117 157
99 179
45 48
30 167
89 220
107 221
86 215
112 131
49 73
196 203
29 192
73 122
8 45
115 198
108 116
171 186
142 145
60 127
66 156
141 207
130 155
10 83
104 199
143 199
119 191
76 81
38 -2
41 198
39 186
46 -2
52 -2
133 174
46 175
52 180
54 85
2 84
137 169
150 154
162 186
125 129
6 74
114 160
131 142
175 -2
31 85
48 132
44 122
129 140
98 170
55 96
118 177
9 157
159 175
53 -2
161 168
0 110
88 94
81 105
3 101
51 167
42 93
83 110
45 90
156 157
11 128
74 -2
40 155
100 -2
23 61
111 -2
100 143
5 49
24 121
71 72
54 82
27 82
63 -2
18 38
111 115
9 95
37 -2
17 81
60 120
36 90
50 54
120 -2
84 -2
129 134
56 -2
76 -2
90 100
100 128
78 -2
22 93
15 82
21 -2
97 -2
62 65
72 -2
117 -2
48 110
44 69
107 108
35 110
13 -2
21 -2
33 85
120 -2
75 79
43 -2
6 68
69 73
1 7
96 -2
93 109
47 101
40 99
21 34
7 81
58 59
22 103
5 41
63 80
10 51
53 92
38 86
41 43
13 97
45 -2
49 80
11 34
51 56
1 2
19 68
20 39
43 81
84 -2
19 61
32 85
0 70
7 26
46 -2
68 -2
72 76
46 79
42 -2
76 -2
10 57
55 -2
56 -2
15 61
57 -2
31 54
3 12
71 -2
18 66
27 48
56 66
23 60
8 61
36 -2
2 37
28 29
22 59
36 62
58 59
7 29
26 -2
30 -2
34 -2
52 -2
55 -2
44 -2
12 -2
22 26
43 52
2 30
3 14
4 37
24 46
39 43
35 -2
29 -2
3 16
26 -2
6 -2
35 -2
6 25
21 -2
17 -2
26 -2
14 -2
35 -2
19 30
25 -2
5 -2
17 27
5 -2
25 -2
27 -2
26 -2
12 -2
20 25
12 -2
0 -2
8 -2
5 -2
1 -2
2 7
10 -2
14 -2
4 9
7 13
8 12
6 7
0 11
10 -2
6 9
2 7
2 7
3 -2
1 5
4 -2
0 3
1 -2
0 -2
1 -2
0 -2
    -0.86706550      2.90526958    983.06499827
     0.22086793      6.02950080    898.49716062
    -1.17103708      6.07159548     69.71050689
     0.36257181      0.54763129     16.65531147
    -2.46859216      1.03398974      7.98755167
    -1.63742088      4.01894081      7.60023410
time = 28.35865593
