        2.0746400356        1.0617550611       -0.1100711301        2.3331460953
        0.7080608606        0.4309902787       -0.0106400996        0.8289849162
       -0.2444184721        0.7751963735       -0.0353877954        0.8135859370
       -0.6506414413        1.0213022232       -0.0527213514        1.2120941877
       -0.5917757750        0.6458099484       -0.0381360054        0.8767687678
       -0.5851161480       -0.2774872780       -0.0428116657        0.6489937901
       -0.1140439510       -0.8662484884       -0.0380395390        0.8745510578
        1.2027395964        0.0384535566       -0.1723701805        1.2160365582
        1.3224431276        0.4193980694       -0.1464757770        1.3950647116
        0.1594852656        0.2795181274       -0.0444330126        0.3248695433
        0.3221921921       -1.0218622684       -0.1402977109        1.0805989504
        0.6880390644       -0.4383292198       -0.1068222150        0.8227643967
        0.5575613976        0.0078073330       -0.1101970598        0.5684003830
       -0.7318758368       -0.0319544487       -0.1606808305        0.7499877810
       -0.9300216436       -0.8522079587       -0.2766784728        1.2914139032
        0.2974910140        0.1741271913       -0.1217991039        0.3655902147
       -0.3117309809       -0.2386811376       -0.1306903064        0.4137932360
        0.8266508579       -0.1832640469       -0.2619713247        0.8863218427
       -0.3463141918        0.6652634740       -0.3013489544        0.8082821965
       -2.2748720646       -1.1234852076       -0.9855689406        2.7218756676
        0.7354128361       -0.2318747193       -0.3098250926        0.8310171962
        0.3099868298        1.0208836794       -0.5483115911        1.1998846531
       -1.3171006441        0.6690797210       -0.7230637670        1.6450086832
       -0.7192781568       -0.2267875373       -0.3750097752        0.8422743082
        0.0490879267       -0.4142698646       -0.2113438994        0.4676487744
        0.8146003485       -0.6250646710       -0.5105556846        1.1467112303
        0.6318341494       -0.1992165595       -0.3294191658        0.7398774624
        0.2244653255        0.6605163813       -0.4496247470        0.8299572468
       -0.6230058074       -0.6798911691       -0.5500239730        1.0737385750
        0.3600770831       -0.8693026304       -0.5612143874        1.0955839157
        0.5388555527       -0.3432887495       -0.3810800612        0.7439317703
        3.2782282829        1.0336211920       -2.4067258835        4.1961269379
        0.2173161507        0.6108215451       -0.4745517075        0.8034479618
       -0.1459175944        0.3905158341       -0.2787788808        0.5015099645
       -0.6213613749        0.8005494475       -0.7075619698        1.2360320091
       -0.0352557972       -0.8074873686       -0.5659215450        0.9866843820
        0.2100829929       -0.9476215839       -0.6796111465        1.1849019527
        0.1951985359       -0.6190900803       -0.4545077384        0.7924343944
        0.2261380851       -0.5131985545       -0.3969317973        0.6870706081
        0.5338852406       -0.4892156124       -0.5070186257        0.8839871883
        2.1602962017        0.0943207219       -1.7497889996        2.7816429138
       -0.3447225392       -0.0025938675       -0.2739409506        0.4403225780
       -0.7541466951       -0.2960039973       -0.6973031163        1.0689187050
       -0.0729829594       -0.5543604493       -0.4524624646        0.7192803621
        0.2931059599       -0.7879070640       -0.7045106292        1.0968335867
        0.4394705296       -0.8442146778       -0.7701635361        1.2243303061
        0.2751651108        0.4637032449       -0.5063165426        0.7396573424
       -0.3419756889        2.5975627899       -2.4218132496        3.5678365231
       -1.5832268000       -0.3509927690       -1.4990108013        2.2083559036
       -0.5091772079       -1.6149028540       -1.5652008057        2.3058676720
        0.0521160290       -0.4031051397       -0.3739752471        0.5523289442
        0.1638939381       -0.7392769456       -0.6999529004        1.0311768055
        0.4198408723       -0.8065066934       -0.8404698968        1.2381877899
        0.2635917664       -0.4247653186       -0.4529135823        0.6745641828
        0.5794319510       -0.6558687091       -0.7871885896        1.1771028042
        0.6807259917        0.1511829644       -0.7426969409        1.0187457800
       -2.5129683018        1.9282681942       -3.3148930073        4.5849475861
       -0.2818062305        0.1055989265       -0.3334577084        0.4491769671
       -1.0075464249       -0.1326460689       -1.0635200739        1.4709928036
       -0.4094714820       -0.1177188382       -0.4550123513        0.6233465672
       -0.5511026382       -0.2282742411       -0.6242612004        0.8634381294
       -0.4350202382       -0.4747411013       -0.6738686562        0.9320519567
        0.4780023396        0.1507135332       -0.5897160172        0.7739288211
        0.0621308126        0.4719302356       -0.5600691438        0.7350209951
        1.8125694990        1.3908332586       -3.0057590008        3.7755017281
        0.3276938498        0.3002760410       -0.5847408772        0.7344868183
       -0.6379313469        0.4980147481       -1.0703365803        1.3419013023
       -0.3393545449       -0.3109611869       -0.6055485010        0.7606230378
       -0.3545673192       -0.4965155125       -0.7990105748        1.0053175688
        0.4500281811       -0.1418933123       -0.6207923293        0.7797706127
        0.6352900863        0.1408404410       -0.9530158639        1.1539795399
       -0.0296402909        0.3103356957       -0.4435055554        0.5421106815
       -0.4725054204        0.1957181692       -0.7490330338        0.9069826007
       -0.3906660974       -0.1457995623       -0.5924704075        0.7244989276
       -0.2960403264       -0.3230713010       -0.6417664886        0.7770966291
        0.3736987710       -0.2867491543       -0.6898657084        0.8353385329
        0.0543416925        0.4127660990       -0.6763750911        0.7942368388
       -0.2846249640       -0.3106136024       -0.6844500899        0.8037189841
        0.2720354795       -0.2492745221       -0.5994414687        0.7038971782
        0.8350194097       -0.3158535659       -1.4337202311        1.6889566183
        1.4663796425       -0.1930525750       -2.4028685093        2.8215804100
        0.4885511696        0.0213305727       -0.8781260252        1.0051082373
        0.4874568284        0.0641749203       -0.8828781247        1.0105475187
        0.3669120371        0.1156869233       -0.6908370256        0.7907361984
        0.3698580265        0.5805609226       -1.2360944748        1.4148411751
        0.1114771515        0.3535602391       -0.6656979918        0.7619618773
       -0.0461360738        1.0566886663       -1.8993014097        2.1739516258
       -0.1269249171        0.4025543332       -0.7579458952        0.8675493598
       -0.4425129890        0.1395238638       -0.8331816792        0.9536646605
       -0.3752684593        0.0494050123       -0.6796833873        0.7779696584
       -0.2690614462       -0.2936290205       -0.7151569128        0.8185728788
        0.1598456800       -0.5085898638       -0.9627162218        1.1004818678
        0.5609365702       -0.7715345025       -1.6588550806        1.9135609865
        0.2334376872       -0.2547524869       -0.6204700470        0.7101936936
        0.5011560917       -0.2047096491       -0.9849536419        1.1239204407
        0.4338220358       -0.0353722163       -0.7725049257        0.8866885304
        0.0858680755       -0.3665461540       -0.7454442978        0.8351147175
        0.0968055129       -0.3327727318       -0.6951546073        0.7767553926
       -0.3653047085       -0.0809861049       -0.8165752292        0.8982212543
       -0.2679603994       -0.2455404550       -0.7931621075        0.8724672794
        0.3769792318       -0.2369816452       -1.0003174543        1.0949468613
        0.3034379780        0.1933113337       -0.8634032607        0.9353657365
       -0.2300204933        0.4785473347       -1.3425849676        1.4437628984
       -0.3420980573        0.1078631207       -0.8608034253        0.9325492382
        0.2341193259       -0.2554963529       -0.8316234350        0.9009371996
        0.3130574226        0.0136683835       -0.8258205056        0.8832730651
       -0.2377991378        0.2595122457       -0.9276308417        0.9921663404
       -0.5868632793        0.1378584057       -1.7682867050        1.8683240414
       -1.1977494955       -1.1852288246       -4.8785228729        5.1613817215
       -0.3650827706       -0.5213923454       -1.8455201387        1.9521987438
       -0.0457619354       -0.5230619907       -1.5223958492        1.6103965044
        0.3769155741        0.1673603058       -1.3500366211        1.4116854668
       -0.7390025258        0.5174551606       -2.8905448914        3.0280578136
       -0.7218797207        0.1934271306       -2.3945243359        2.5084397793
       -1.0998523235       -0.0962247252       -3.5374336243        3.7057211399
       -0.2077854723       -0.7754661441       -2.5722737312        2.6946454048
       -0.0329357497       -0.3764574528       -1.2107927799        1.2683942318
        0.7023202777        0.3274973631       -2.7740743160        2.8802771568
        0.7767957449       -0.0679606348       -2.7913942337        2.8982601166
        0.7470288277       -0.2001655996       -3.1367957592        3.2307283878
        0.6679466367       -0.0584376045       -2.7195069790        2.8009436131
       -1.5313647985       -1.0544739962       -8.6806831360        8.8776149750
       -0.2053346336       -0.2194903344       -1.4245823622        1.4559440613
       -0.2305294275       -0.7310341597       -4.0589756966        4.1308221817
        0.4223022759       -0.5921009779       -4.3434214592        4.4038887024
        0.4109443128       -0.0359528735       -2.2798047066        2.3168249130
        0.6002548337       -0.1608376801       -4.0581388474        4.1054434776
        0.6340560317       -0.0326446891       -4.4132337570        4.4586682320
        0.6533656716        0.3046694398       -5.8159766197        5.8604860306
       -0.1732103378        0.6464299560       -5.3990836143        5.4404025078
       -0.2766305208        0.1936987936       -2.7244422436        2.7452921867
       -0.4074962735        0.0356512517       -3.3000583649        3.3253135681
        0.2968218923       -0.1384104192       -2.6421787739        2.6623992920
        0.5981085896        0.2789026499       -5.8232102394        5.8604860306
        0.2754614055        0.2754614353       -3.4374349117        3.4594388008
       -0.1585614532        0.5917595625       -5.4057984352        5.4404025078
       -0.2996146977        0.1397126466       -2.9170613289        2.9357342720
        0.9422428012        0.0824356303       -9.9083833694        9.9534254074
        0.5233824849        0.3664763868       -6.6932835579        6.7237105370
        0.3296638131        0.7069664001       -8.1716089249        8.2087564468
        0.3510214984        4.0121946335      -42.1912078857       42.3830032349
       -0.0663479790        0.7583611012       -7.9747304916        8.0109825134
       -0.2192911506        0.2192911208       -3.2487807274        3.2635493279
       -0.3749684393        0.1004724875       -4.0666356087        4.0851221085
       -1.2842687368        0.1123589799      -13.5050458908       13.5664377213
       -0.6164879203       -0.0539357513       -6.4828319550        6.5123019218
       -1.9970350266       -0.5351039767      -21.6583957672       21.7568511963
       -0.3111985326       -0.4444375336       -5.6836929321        5.7095303535
       -0.2240289450       -0.4804314971       -5.5531582832        5.5784020424
       -0.0365409665       -0.4176657200       -4.3920655251        4.4120311737
        0.1478629410       -0.5518319011       -5.9847707748        6.0119767189
        0.2776935995       -0.5955157876       -6.8833856583        6.9146766663
        0.3947885931       -0.2764339149       -5.0487585068        5.0717096329
        0.5576960444       -0.2600579262       -6.4462385178        6.4755425453
        0.5512850285       -0.1477163881       -5.9788393974        6.0060186386
        1.2974222898       -0.1135096997      -13.6433591843       13.7053804398
        0.5316673517        0.2479204983       -7.3243889809        7.3478441238
        0.2590057552        0.1813577116       -3.9477717876        3.9604139328
        0.2027530670        0.4348053634       -5.9899930954        6.0091753006
        0.1293722838        0.4828238189       -6.2409677505        6.2609534264
       -0.0341134295        0.3899187148       -4.8869380951        4.9025878906
       -0.2616483867        0.5611067414       -7.7299513817        7.7547054291
       -1.8354144096        1.8354146481      -32.4083023071       32.5120849609
       -0.6722438931        0.4707103074      -10.2463569641       10.2791690826
       -1.0775668621        0.2887331545      -13.9285964966       13.9732007980
       -0.7030801773        0.0615115166       -8.8118648529        8.8400831223
       -0.3622905910       -0.0316963159       -4.5406708717        4.5552115440
       -0.9336012602       -0.2501576245      -12.0677013397       12.1063461304
       -1.4118024111       -0.6583341360      -19.4493522644       19.5116367340
       -0.2904252112       -0.6228187084       -8.5801115036        8.6075878143
       -0.1003188193       -0.3743946850       -4.8394155502        4.8549132347
       -0.0410233214       -0.4688983560       -5.8768081665        5.8956279755
        0.0910263583       -0.3397150636       -4.3911476135        4.4052095413
        0.2951446772       -0.6329401731       -8.7195501328        8.7474727631
        1.2387722731       -0.5776491165      -17.0656547546       17.1203041077
        0.9850673079       -0.0861822367      -12.3460693359       12.3856058121
        0.4634220898        0.1241735518       -7.1412963867        7.1573944092
        0.9992866516        0.4659750462      -16.4118881226       16.4488830566
        0.3245931268        0.2272825241       -5.8981924057        5.9114880562
        0.8830878735        0.8830878735      -18.5892982483       18.6312026978
        0.6200219989        0.8854829669      -16.0901412964       16.1264114380
        0.1576987803        0.3381861150       -5.5542349815        5.5667552948
        0.0348223969        0.3980214894       -5.9471154213        5.9605212212
       -0.0330491215        0.3777534366       -5.6442751884        5.6569986343
       -0.0898855105        0.3354573548       -5.1693701744        5.1810231209
       -0.4032325149        0.8647350669      -14.2020597458       14.2340736389
       -0.4862258434        0.6944025755      -12.6180105209       12.6464538574
       -0.2474887967        0.1732935607       -4.4971270561        4.5072646141
       -0.8067231178        0.3761810660      -13.2492933273       13.2791595459
       -0.5483410954        0.1469275504       -8.4498891830        8.4689369202
       -0.4045630693       -0.1886507869       -6.6443791389        6.6593570709
       -0.9837834835       -0.6888524294      -17.8763599396       17.9166564941
       -0.4646623433       -0.4646622837       -9.7813014984        9.8033504486
       -0.3988403380       -0.8553158641      -14.0473613739       14.0790271759
       -0.1477046758       -0.5512409210       -8.4945783615        8.5137271881
       -0.1478775591       -1.6902486086      -25.2551765442       25.3121070862
        0.1219715104       -1.3941422701      -20.8308467865       20.8778038025
        0.1380117238       -0.5150669813       -7.9371404648        7.9550323486
        0.1545077711       -0.3313430548       -5.4418468475        5.4541139603
        0.4723266363       -0.6745525002      -12.2573137283       12.2849445343
        0.3862736225       -0.3862735927       -8.1311893463        8.1495189667
        0.7310832143       -0.5119100809      -13.2845392227       13.3144855499
        0.3460382819       -0.1613603234       -5.6831955910        5.6960067749
        0.5196534991       -0.1392408013       -8.0078191757        8.0258703232
        0.3889491856       -0.0340286754       -5.8115596771        5.8246598244
        0.6686967015        0.0585033968      -11.9066991806       11.9256038666
        0.6713781357        0.1798952818      -12.3290596008       12.3486356735
        0.9245731831        0.6473931074      -20.0208969116       20.0526847839
        0.8789085746        0.8789087534      -22.0477962494       22.0828037262
        0.3672730625        0.7876195908      -15.4151439667       15.4396200180
        0.2370814532        0.8848002553      -16.2483024597       16.2741012573
        0.2436768562        2.7852418423      -49.5935363770       49.6722793579
       -0.1315405518        0.4909159541       -9.0150871277        9.0294008255
       -0.9462382793        2.0292146206      -39.7153968811       39.7784538269
       -0.2430562377        0.3471202254       -7.5166106224        7.5285453796
       -0.3971106708        0.3971106708       -9.9616918564        9.9775085449
       -0.3637726009        0.2547163069       -7.8772044182        7.8897113800
       -0.8222213387        0.3834080994      -16.0923557281       16.1179065704
       -1.2661994696        0.3392769992      -23.2522392273       23.2891578674
       -0.3730807304       -0.0326403379       -6.6430134773        6.6535611153
       -0.9396700859       -0.2517838776      -17.2559185028       17.2833175659
       -0.4137818217       -0.4137817621      -10.3798942566       10.3963747025
       -0.2043012530       -0.2917724550       -6.3180980682        6.3281297684
       -0.2663393617       -0.9939918518      -18.2534770966       18.2824592590
        0.0349594764       -0.3995881379       -7.1149983406        7.1262950897
        0.2310348749       -0.4954559505       -9.6969718933        9.7123680115
        0.5073974729       -0.7246387601      -15.6914739609       15.7163887024
        0.4187275767       -0.4187274575      -10.5039577484       10.5206356049
        0.6584735513       -0.4610680640      -14.2587203979       14.2813596725
        0.4188422263       -0.1953093261       -8.1975021362        8.2105178833
        0.7350481153       -0.0643082783      -13.0881395340       13.1089200974
        0.3031139970        0.2122426778       -7.8223204613        7.8310680389
        0.5417215824        0.5417217016      -16.1951541901       16.2132644653
        0.1958879977        0.2797569931       -7.2195568085        7.2276306152
        0.1894859523        0.4063538909       -9.4781351089        9.4887342453
       -0.0487209968        0.5568834543      -11.8171672821       11.8303823471
       -0.4846842587        1.8088666201      -39.5873756409       39.6316452026
       -0.1625601351        0.3486113548       -8.1312971115        8.1403903961
       -0.5659266710        0.8082271218      -20.8575305939       20.8808555603
       -0.5122426748        0.5122427344      -15.3138608932       15.3309860229
       -0.2765881717        0.1289751828       -6.4513692856        6.4585838318
       -0.6462364197        0.1731585115      -14.1429986954       14.1588144302
       -0.5174398422        0.0452700779      -10.9801702499       10.9924497604
       -0.4210643470       -0.0368384197       -8.9350652695        8.9450569153
       -0.8960781097       -0.2401033640      -19.6108283997       19.6327590942
       -0.4881891310       -0.2276462764      -11.3869218826       11.3996562958
       -0.4376358092       -0.3064358830      -11.2938585281       11.3064880371
       -0.5051370859       -0.5051371455      -15.1014356613       15.1183233261
       -0.2057866007       -2.3521513939      -49.9130783081       49.9688949585
        0.0415379815       -0.4747811258      -10.0749425888       10.0862092972
        0.2206064612       -0.4730921686      -11.0347919464       11.0471324921
        0.2740797997       -0.3914265335      -10.1013593674       10.1126556396
        0.4468251467       -0.4468252063      -13.3581562042       13.3730945587
        1.2069263458       -0.8450991511      -31.1465854645       31.1814174652
        0.3790888190       -0.1767720282       -8.8421802521        8.8520689011
        0.2931883633       -0.0785596073       -6.4164805412        6.4236559868
        0.5154973865       -0.0451001711      -10.9389476776       10.9511804581
        0.9246789217        0.0808989629      -23.3715171814       23.3899421692
        0.8475591540        0.2271028310      -22.0936088562       22.1110267639
        0.3337173164        0.1556149274       -9.2713632584        9.2786722183
        0.5958677530        0.4172311723      -18.3157978058       18.3302364349
        0.2538209856        0.2538210154       -9.0382204056        9.0453453064
        0.3205381334        0.6873962283      -19.0973033905       19.1123580933
        0.1309777349        0.4888156652      -12.7421226501       12.7521677017
        0.1230220273        1.4061502218      -35.5408363342       35.5688552856
       -0.0400153510        0.4573774934      -11.5603437424       11.5694570541
       -0.2009862512        0.4310164452      -11.9745292664       11.9839696884
       -0.4559346139        0.4559344947      -16.2352104187       16.2480087280
       -0.2857139707        0.1332306266       -7.9377260208        7.9439835548
       -0.4537091255       -0.1215710416      -11.8269834518       11.8363075256
       -0.4526633322       -0.2110804170      -12.5759248734       12.5858392715
       -0.3053908348       -0.3053908646      -10.8745527267       10.8831253052
       -0.5210433006       -0.7441268563      -22.8729820251       22.8910140991
       -0.1586828530       -0.3402965963       -9.4541444778        9.4615974426
       -0.0863350555       -0.3222068548       -8.3990736008        8.4056949615
        0.0288804527       -0.3301050961       -8.3434982300        8.3500757217
        0.1342671663       -0.5010918379      -13.0621290207       13.0724267960
        0.2432058156       -0.5215564370      -14.4899272919       14.5013504028
        0.4812294245       -0.4812294245      -17.1359233856       17.1494331360
        0.7290211320       -0.5104659200      -22.4086647034       22.4263305664
        1.1368118525       -0.5301039219      -31.5830020905       31.6079006195
        0.4599956274       -0.1232554466      -11.9908609390       12.0003137589
        0.9228223562       -0.0807363391      -23.3245906830       23.3429794312
        0.7914829254        0.0692458376      -23.8435401917       23.8567733765
        0.9750795364        0.2612718344      -30.2949352264       30.3117485046
        0.5050957203        0.2355300486      -16.7252159119       16.7344989777
        0.8026379943        0.5620131493      -29.4055366516       29.4218559265
        0.4205340445        0.6005848646      -22.0030937195       22.0153045654
        0.1371294409        0.2940751016       -9.7376985550        9.7431030273
        0.1846629083        0.6891714931      -21.4120025635       21.4238853455
       -0.1085309312        0.4050428569      -12.5843553543       12.5913391113
       -0.4136466384        0.5907486081      -21.6427268982       21.6547374725
       -0.2728238404        0.2728238404      -11.5789985657       11.5854244232
       -1.0289478302        0.4798061252      -34.0714950562       34.0904045105
       -0.2958683670        0.0792776570       -9.1923885345        9.1974897385
       -0.4439722896       -0.0388426110      -13.3747358322       13.3821582794
       -0.3306644559       -0.0886013284      -10.2734756470       10.2791776657
       -0.5895422101       -0.2749080360      -19.5214805603       19.5323143005
       -0.8341954947       -0.8341954947      -35.4043388367       35.4239883423
       -0.1565144211       -0.3356462717      -11.1142387390       11.1204071045
       -0.1667263210       -0.6222311258      -19.3322200775       19.3429489136
       -0.0406642035       -0.4647945464      -14.0020055771       14.0097761154
        0.2316460013       -0.8645148873      -26.8597850800       26.8746910095
        0.5403425097       -1.1587684155      -38.3702583313       38.3915519714
        0.8220294118       -1.1739792824      -43.0100364685       43.0339050293
        0.3222934306       -0.3222934604      -13.6785507202       13.6861419678
        0.3053009212       -0.2137739509      -11.1850385666       11.1912460327
        0.9378538728       -0.4373284578      -31.0551223755       31.0723571777
        0.6265600920       -0.1678862721      -19.4667167664       19.4775199890
        0.6551311016       -0.0573164672      -19.7359218597       19.7468757629
        0.3796047866        0.0332111642      -13.6251068115       13.6304340363
        0.3508717418        0.1636142284      -13.8428440094       13.8482561111
        0.4218821824        0.2954051793      -18.4153270721       18.4225273132
        0.1912090331        0.2730748653      -11.9198236465       11.9244842529
        0.2094403952        0.4491464198      -17.7200469971       17.7269744873
       -0.0390521400        0.4463674128      -16.0214118958       16.0276756287
       -0.1618459970        0.3470797837      -13.6932334900       13.6985874176
       -0.3107609749        0.4438126087      -19.3725910187       19.3801651001
       -0.2821230888        0.1975446641      -12.3147802353       12.3195953369
       -0.4773888886        0.2226100266      -18.8342781067       18.8416423798
       -0.5248029232        0.0459142178      -18.8366947174       18.8440589905
       -0.4015188813       -0.0351284072      -14.4116735458       14.4173078537
       -0.4600560367       -0.1232716739      -17.0301895142       17.0368480682
       -0.4550363421       -0.3186199367      -19.8625106812       19.8702774048
       -0.3944240510       -0.3944241703      -19.9448585510       19.9526557922
       -0.2933231592       -0.4189089835      -18.2855377197       18.2926864624
       -0.1670777500       -0.3582995236      -14.1358823776       14.1414089203
       -0.1032502800       -0.3853355050      -14.2642135620       14.2697906494
       -0.0382498801       -0.4371985495      -15.6923141479       15.6984491348
        0.0971573442       -1.1105117798      -39.8594665527       39.8750495911
        0.3306382895       -1.2339589596      -45.6782608032       45.6961212158
        0.2932026684       -0.4187367857      -18.2780246735       18.2851715088
        0.5691078305       -0.5691075921      -28.7780838013       28.7893352509
        0.6884677410       -0.4820701182      -30.0518875122       30.0636367798
        0.6129776239       -0.2858360410      -24.1836299896       24.1930847168
        0.5000532269       -0.1339887977      -18.5107955933       18.5180320740
        0.6272743344       -0.0548793189      -22.5146808624       22.5234832764
        0.5954155326        0.1595410109      -26.2340145111       26.2412548065
        0.4054836631        0.1890800297      -19.0408458710       19.0461006165
        0.1383573562        0.2967081666      -13.9329309464       13.9367761612
        0.0322836637        0.3690033853      -15.7642993927       15.7686500549
       -0.0408288799        0.4666771889      -19.9370479584       19.9425506592
       -0.1389303207        0.2979371548      -13.9906339645       13.9944953918
       -0.4876434207        0.6964272261      -36.1826019287       36.1925888062
       -0.2409480363        0.2409480959      -14.5019664764       14.5059690475
       -0.2597086728        0.1818500012      -13.4930639267       13.4967880249
       -0.7112181187        0.3316466212      -33.3976287842       33.4068450928
       -0.5368927121        0.1438600272      -23.6554965973       23.6620254517
       -1.0939117670       -0.0957046822      -46.7333335876       46.7462310791
       -0.5712748766       -0.1530725211      -25.1703720093       25.1773185730
       -1.2145931721       -0.5663739443      -57.0352783203       57.0510177612
       -0.4261792600       -0.4261791110      -25.6504898071       25.6575698853
       -0.3962901533       -0.8498465419      -39.9073905945       39.9184036255
       -0.1554724574       -0.5802310109      -25.5649852753       25.5720405579
       -0.0477574579       -0.5458690524      -23.3202285767       23.3266639709
        0.1031628475       -0.3850093186      -16.9635143280       16.9681968689
        0.4472428858       -0.9591158628      -45.0385093689       45.0509376526
        0.4875618219       -0.6963108778      -36.1765632629       36.1865463257
        0.3013251722       -0.3013253510      -18.1358909607       18.1408958435
        0.4376659691       -0.3064571619      -22.7387790680       22.7450542450
        0.7853835821       -0.3662305176      -36.8803291321       36.8905067444
        0.4938820899       -0.1323353946      -21.7604503632       21.7664566040
        0.9360870123       -0.0818971470      -39.9908409119       40.0018768311
        0.8586933613        0.0751256421      -43.7590904236       43.7675781250
        0.5842665434        0.2724481523      -32.7268981934       32.7332458496
        0.4427599013        0.3100240231      -27.4393138885       27.4446372986
        0.3072492778        0.3072493672      -22.0584621429       22.0627422333
        0.1454790682        0.5429356694      -28.5347442627       28.5402793884
        0.0770128220        0.8802576661      -44.8580131531       44.8667144775
       -0.0412157066        0.4710989594      -24.0072441101       24.0119018555
       -0.4225836992        0.4225834906      -30.3387069702       30.3445930481
       -0.2697929442        0.1889109313      -16.7199611664       16.7232055664
       -0.2995165586        0.1396667510      -16.7770042419       16.7802581787
       -0.3264937699       -0.0285645928      -16.6379566193       16.6411838531
       -0.4019951522       -0.1874535978      -22.5172080994       22.5215759277
       -0.1728777289       -0.3707377017      -20.7663593292       20.7703876495
       -0.0341112018       -0.3898921907      -19.8689403534       19.8727951050
        0.1862418354       -0.2659808099      -16.4837150574       16.4869136810
        0.3022859991       -0.3022859097      -21.7021255493       21.7063350677
        0.2786355317       -0.1951025724      -17.2679691315       17.2713184357
        0.8022618890       -0.0701890215      -40.8833351135       40.8912658691
        0.8272070289        0.3010784686      -53.2554550171       53.2627296448
        0.3342301846        0.2804522812      -26.3953514099       26.3989562988
        0.3747543991        0.6490931511      -45.3432159424       45.3494071960
        0.1007840931        0.5715739727      -35.1121101379       35.1169052124
       -0.1094177514        0.6205400229      -38.1201171875       38.1253242493
       -0.6277266741        0.5267255902      -49.5738449097       49.5806159973
       -0.5992215276        0.2180989385      -38.5777854919       38.5830535889
       -0.5080740452        0.0000001412      -30.7370853424       30.7412834167
       -0.4793265462       -0.1744604409      -30.8589630127       30.8631782532
       -0.3169527948       -0.2659548819      -25.0308971405       25.0343151093
       -0.3481177390       -0.6029571891      -42.1203269958       42.1260795593
       -0.1066931412       -0.6050862670      -37.1707878113       37.1758651733
        0.0746380910       -0.4232941270      -26.0031948090       26.0067462921
        0.4680296183       -0.8106513619      -56.6290473938       56.6367797852
        0.8417309523       -0.7062965035      -66.4745330811       66.4836120605
        0.6854472756       -0.2494825870      -44.1289901733       44.1350173950
        0.7291378975       -0.0000001378      -44.1108283997       44.1168518066
        0.7679194212        0.2794996500      -62.6913795471       62.6967086792
        0.8343561292        0.7001078129      -83.5556030273       83.5627059937
        0.3862967193        0.6690852642      -59.2691841125       59.2742233276
        0.3050459027        1.7300026417     -134.7634429932      134.7749023438
       -0.0760598779        0.4313566983      -33.6017494202       33.6046066284
       -0.3934094012        0.6814052463      -60.3605003357       60.3656311035
       -0.8003242612        0.6715520620      -80.1475372314       80.1543502808
       -1.0185877085        0.3707356453      -83.1554260254       83.1624908447
       -0.7964373231        0.0000000497      -61.0983695984       61.1035614014
       -0.7971152067       -0.2901261747      -65.0748672485       65.0803985596
       -1.2216095924       -1.0250515938     -122.3366165161      122.3470153809
       -0.3876728117       -0.6714689136      -59.4803237915       59.4853782654
       -0.2203553021       -1.2496981621      -97.3487625122       97.3570404053
        0.2086182535       -1.1831326485      -92.1634597778       92.1712951660
        0.5159665346       -0.8936806321      -79.1643676758       79.1710968018
        0.5701851845       -0.4784423411      -57.1005363464       57.1053886414
        0.7828865051       -0.2849474549      -63.9132690430       63.9187011719
        0.8287899494       -0.0000000976      -63.5802497864       63.5856552124
        0.4682901204        0.0367911160        0.0391223356        0.4713595212
        0.9596577287        0.2127508074        0.0427953079        0.9838889241
        1.2073760033        0.7719006538        0.1195213497        1.4380099773
        0.3010719419        0.4744990766        0.0265414361        0.5625816584
        0.1092717201        0.3905900717        0.0065640416        0.4056402445
        0.1678182483        0.7569791675        0.0337569900        0.7760927677
       -0.0403733924        0.9247044921        0.0402974747        0.9264622927
        0.2212925553       -0.9981850982        0.0445134155        1.0233892202
        0.2057619840        0.2402880937        0.0320590399        0.3179687858
        0.2820620239        1.2722998857        0.1706418693        1.3143153191
       -0.2892424464       -0.6680846810        0.1037715301        0.7353685498
       -0.2330446541       -0.7391226292        0.1014786512        0.7816073895
        0.4624584317        0.6026874781        0.1666244268        0.7777298093
        0.1680504233       -0.4903853536        0.1256591380        0.5333938003
        1.9135996103       -3.6759874821        0.9089883566        4.2427597046
        0.1316743046        0.2894878983        0.0886225328        0.3301444054
        0.1594440937        0.5108010769        0.1685576737        0.5610274673
       -0.7248855233        1.0796419382        0.4332718551        1.3706970215
        0.4126642942       -1.0157555342        0.3318353891        1.1456656456
        0.4748730063       -0.5182327032        0.2174738944        0.7357747555
        0.2797422707       -0.1509806514        0.0941570848        0.3315364718
        0.5306804180        0.4862789810        0.2892058790        0.7757119536
        0.3603901267        0.6923030615        0.3135972917        0.8411347866
        0.2504716516        0.1856722683        0.1580820382        0.3495714068
       -0.3139238358        0.3270888329        0.2478973716        0.5167091489
       -0.4127693772        0.3744438291        0.2937550545        0.6299831867
       -0.6016165018        0.1896890998        0.3136645854        0.7044926286
       -0.4514088035        0.0902957544        0.2331690490        0.5160339475
       -0.2531280220       -0.2980535924        0.1832632869        0.4318508506
       -0.2280301303       -0.3230142295        0.1928749532        0.4399280548
       -1.7466228008       -2.5869572163        1.5300825834        3.4762325287
        0.7336857915       -0.0965916887        0.3679652214        0.8264521956
        0.2466780245        0.7899994254        0.4691489637        0.9513410330
       -0.5785712004        0.5301626325        0.4680572152        0.9137256145
       -0.7823857069       -0.0341597721        0.4670974910        0.9118521214
       -0.4621782005       -0.0970997885        0.2763114274        0.5471609235
       -0.1101853997       -0.8369401097        0.5034993291        0.9829145670
        0.1038637310       -0.7889224291        0.4746121168        0.9265218973
        0.4863584340       -0.6337627769        0.5161955953        0.9511349797
        2.0272848606       -0.2668972313        1.2196053267        2.3808727264
        0.1077305526        0.8182946444        0.5778939128        1.0075581074
        0.0416169949        0.9531866908        0.6680338979        1.1647171974
       -0.4602571130        0.3531677425        0.4062008858        0.7082113028
        0.7868605852       -2.4956018925        1.8321573734        3.1943666935
        0.6087215543       -0.5577904582        0.5780889392        1.0078983307
        0.2774086893       -0.1559943110        0.2183157206        0.3859424293
        0.4873642623        0.2537058592        0.4446145296        0.7068045735
        0.2881167531        0.1703674048        0.2729824781        0.4319210351
       -0.3275894225        0.6228293180        0.5478542447        0.8918382525
       -0.5173074603       -0.4740249813        0.5677756071        0.9025939703
       -1.0513657331       -1.6503139734        1.5834202766        2.5171661377
        0.3937757611        0.4297306836        0.5387765765        0.7937304378
        0.1341851950        0.6052703261        0.5730744004        0.8442582488
       -0.5666122437       -0.6183485985        0.7752571106        1.1421155930
       -0.0316970199       -0.3353972733        0.3150508404        0.4612516165
        0.3990630209       -0.1765832007        0.4292820990        0.6121405363
        0.3352980614       -0.3911848664        0.5314832330        0.7402194738
        0.5435577035        0.5931892395        0.9466616511        1.2423754930
       -0.6974236965        0.7611044645        1.2146350145        1.5940570831
       -0.3191322386        0.1258572191        0.4202063084        0.5424562097
       -0.4310406446       -0.1785428226        0.5489531159        0.7204325795
       -0.1840741932       -4.1975221634        4.8348484039        6.4054322243
        0.2763034701        0.2170888335        0.4556632340        0.5754129887
       -1.8999150991        2.0733935833        3.6997892857        4.6472659111
       -0.1679449677       -0.4054546654        0.5773686171        0.7252265811
        0.5285879374       -1.2081775665        1.6776511669        2.1339194775
        0.2954363525       -0.5675276518        0.8417522907        1.0573160648
        0.8668781519        0.5513826609        1.5028396845        1.8204500675
        0.2438084781        0.3827027082        0.7371987104        0.8656591773
       -0.6784426570        0.2830910385        1.2013264894        1.4084303379
       -0.3611392379       -0.6937417388        1.2706360817        1.4920506477
        0.4505327344       -0.2870209515        0.8678594232        1.0190881491
        0.4131599665        0.0543935299        0.7483121753        0.8565225601
        0.3928155899        0.1627095193        0.7634955645        0.8739015460
        0.7999935746        0.6138567328        1.8107272387        2.0725691319
        0.2105056047        0.5082054138        0.9877728820        1.1306107044
       -0.0250157006        0.3855829239        0.7296175957        0.8256160617
       -0.5134319067        0.1618845016        0.9667107463        1.1065028906
       -0.2364921570       -0.2580858469        0.6285886168        0.7194862366
       -0.1819337457       -0.5770196915        1.0864363909        1.2435415983
       -0.0910455063       -0.4158468246        0.7400511503        0.8537526727
        0.3380302787       -0.4405295849        0.9971066117        1.1412941217
        0.5141621232       -0.2676558495        1.0408887863        1.1914074421
        0.3505577445       -0.0461518019        0.6349275112        0.7267417908
        0.4925709665        0.9683886766        2.0882408619        2.3539652824
       -0.2189618647        0.2535838485        0.6944222450        0.7710196376
        0.2055431753        0.2678691149        0.8102681637        0.8778020144
       -0.0218259580       -0.4998942614        1.2007831335        1.3008654118
        0.3806127608        0.2920544446        1.2643427849        1.3523035049
        0.2039860189        0.2658397555        0.8830828071        0.9445191026
        0.4248982966        0.6669568419        2.0840911865        2.2290818691
       -0.3521212637        0.0463575944        0.9359913468        1.0011085272
       -0.3859248757       -0.2151184529        1.1696292162        1.2502985001
        0.4551145732       -0.4966702163        1.7753561735        1.8988682032
       -0.2561161816       -0.2029876858        0.9351327419        0.9905921221
        0.5086133480       -0.1362824142        1.5267314911        1.6149828434
        0.7132263780        0.4385275245        2.5974841118        2.7290878296
        0.3332547843        0.4759372473        1.8615870476        1.9501489401
        0.0942131728        0.3516083658        1.1663089991        1.2217942476
       -0.2095506936        0.2992694378        1.1705663204        1.2262541056
        0.1217171028       -0.2885300815        1.0439096689        1.0898679495
        0.3094936609        0.0784713849        1.3584184647        1.3954371214
        1.2883440256        1.2883441448        7.3899159431        7.6112098694
       -0.3456624746       -0.0302415751        1.4073452950        1.4494887590
       -0.3958646357       -0.1845947355        1.7715917826        1.8246427774
        0.6014150381        0.1611487120        3.4410386086        3.4969151020
       -0.3359559178       -0.2363302261        2.2487955093        2.2860102654
       -0.0303033963       -0.3463696241        1.9215630293        1.9527659416
        0.0261911172       -0.2993660569        1.6608002186        1.6877688169
        0.2438735515       -0.2438736856        1.9060699940        1.9370212555
       -0.6555750370       -0.0319640376        4.2870330811        4.3369865417
        0.5344792008       -0.3221296668        3.9632790089        4.0121088028
        0.6204525828        0.3561874032        5.3351225853        5.3828773499
        0.4127070308        0.4438540041        5.2130928040        5.2482061386
       -0.7694711685        0.7039090991        8.7608213425        8.8226737976
       -0.4923806489        0.1319330186        4.1124372482        4.1439094543
       -0.3317005932       -0.0888789147        2.7704131603        2.7916150093
       -0.1301732659       -0.2791575491        2.4849388599        2.5039560795
        0.5323229432       -0.2482263744        4.7385077477        4.7747712135
        0.2845164239        0.1992205232        3.0647935867        3.0844120979
        0.0887390375       -0.3311786652        3.0253593922        3.0447254181
        0.8484510779       -0.5940921307        9.1394643784        9.1979684830
        0.6853654385        0.0599616840        7.2071337700        7.2398962975
        0.9418670535        0.2523725331       10.2148141861       10.2612495422
        0.7618594170        0.3552609086        8.8061027527        8.8461341858
        0.7654971480        0.5360068679        9.7895717621        9.8340740204
        0.8505376577        0.8505376577       12.6006574631       12.6579380035
        0.6321628094        0.9028220177       11.5457534790       11.5982389450
        0.2716818154        0.5826235414        6.7343697548        6.7649831772
        0.2092936486        0.7810944915        8.4711894989        8.5096988678
       -0.3749231696        4.2853937149       45.0641403198       45.2689971924
       -0.2770001292        1.0337785482       11.2116203308       11.2625865936
       -0.2199243605        0.4716292620        5.4514198303        5.4762015343
       -2.3471333981        0.6289122701       25.4553241730       25.5710411072
       -1.4542596340        0.1272311956       15.2926359177       15.3621540070
       -0.9104236364       -0.0796518177        9.5737905502        9.6173114777
       -0.5544981956       -0.2585667372        6.4092769623        6.4384126663
       -0.5615398288       -0.8019619584       10.2559022903       10.3025245667
        0.0515957400       -0.5897428989        6.2015905380        6.2297821045
        0.4205600321       -0.4205600321        6.2305679321        6.2588911057
        0.4654296041       -0.3258973360        5.9521536827        5.9792113304
        0.8058557510       -0.0705032051        8.4741802216        8.5127029419
        0.9802545309        0.0857611597       12.2857379913       12.3250808716
        1.2903323174        0.9035004377       19.6672515869       19.7302322388
        1.0058785677        1.0058785677       17.7609901428       17.8178672791
        0.2507408261        0.3580949605        5.4580855370        5.4755640030
       -0.4067901075        1.5181612968       19.6236934662       19.6865348816
       -0.1585637629        0.3400411606        4.6844906807        4.6994919777
       -0.4664050639        0.3265803754        7.1089482307        7.1317133904
       -0.3384490609        0.0906871706        4.3747792244        4.3887887001
       -0.4189168513       -0.0366504639        5.2503733635        5.2671871185
       -0.3042980433       -0.0815364197        3.9333443642        3.9459402561
       -0.4966014624       -0.3477241993        7.5692028999        7.5934419632
       -0.2253990620       -0.2253990918        3.9799144268        3.9926595688
       -0.2908596694       -0.6237505078        8.5929403305        8.6204576492
       -0.3909394145       -1.4590055943       18.8590488434       18.9194412231
       -0.2473764718       -2.8275249004       35.4379692078       35.5514526367
        0.0622751862       -0.7118095756        8.9212598801        8.9498291016
        0.4992089272       -1.8630727530       24.0820045471       24.1591243744
        0.3031680584       -0.4329688251        6.5993127823        6.6204462051
        0.2681449652       -0.1877571344        4.0870666504        4.1001548767
        0.8499015570       -0.2277304381       10.9857940674       11.0209741592
        1.6514556408        0.1444836855       24.6755237579       24.7311477661
        0.3448689282        0.0924073756        5.3143978119        5.3263773918
        0.5143653750        0.2398524731        8.4477243423        8.4667673111
        0.2322693318        0.2322693318        4.8893442154        4.9003658295
        0.2487056404        0.3551884592        6.4541354179        6.4686841965
        1.3954414129        2.9925341606       49.1481437683       49.2589340210
        0.1157981679        0.4321646690        6.6596164703        6.6746287346
        0.0677130222        0.7739632130       11.5643129349       11.5903806686
       -0.0461387224        0.5273678303        7.8797621727        7.8975248337
       -0.2642270327        0.9861086011       15.1958408356       15.2300949097
       -0.1806060970        0.3873110116        6.3610358238        6.3753747940
       -0.2940269113        0.2058798820        5.3427681923        5.3548116684
       -0.5212560892        0.2430656701        8.5608949661        8.5801925659
       -0.4591552317       -0.1230302751        7.0755386353        7.0914883614
       -0.4158650935       -0.1939210594        6.8299965858        6.8453927040
       -0.3171318769       -0.2220581323        5.7626085281        5.7755985260
       -0.2630813420       -0.2630814016        5.5379476547        5.5504312515
       -0.3848059773       -1.4361152649       22.1303997040       22.1802864075
       -0.0856163204       -0.9785984159       14.6219062805       14.6548671722
        0.1873902678       -0.6993502975       10.7769222260       10.8012151718
        0.2988960445       -0.4268678129        7.7566218376        7.7741069794
        0.3499324024       -0.3499324024        7.3661894798        7.3827943802
        1.1165498495       -0.7818166018       20.2888450623       20.3345794678
        1.4099729061       -0.6574810743       23.1568126678       23.2090129852
        1.1025235653       -0.2954202592       16.9897842407       17.0280818939
        1.4013859034       -0.1226053908       20.9390621185       20.9862632751
        1.6051338911        0.4300943613       29.4763946533       29.5231952667
        1.9039279222        0.8878161311       37.2633285522       37.3224945068
        0.2306783795        0.2306783795        5.7866702080        5.7958579063
        0.5567476749        0.7951180935       17.2176532745       17.2449913025
        0.3528352678        0.7566576600       14.8091650009       14.8326787949
        0.1432102621        0.5344680548        9.8148756027        9.8304595947
        0.0452024378        0.5166660547        9.1996765137        9.2142829895
       -0.3277846575        1.2233090401       22.4646282196       22.5002975464
       -0.2785445750        0.5973408222       11.6910448074       11.7096071243
       -0.2793563902        0.3989622593        8.6392126083        8.6529293060
       -0.3507827818        0.2456207424        7.5959234238        7.6079840660
       -0.7812456489        0.3643008769       15.2903966904       15.3146743774
       -1.1389125586        0.3051706553       20.9147872925       20.9479942322
       -0.8886750937        0.0777490214       15.8236112595       15.8487358093
       -0.5980160236       -0.4187352657       12.9495630264       12.9701242447
       -0.6295118332       -0.6295118332       15.7915849686       15.8166580200
       -0.7689380646       -1.0981574059       23.7797298431       23.8174858093
       -0.1418878138       -0.3042792976        5.9552989006        5.9647545815
        0.0471788459       -0.5392572284        9.6019315720        9.6171770096
        0.1744790226       -0.6511648297       11.9578742981       11.9768610001
        0.4272446632       -0.9162290692       17.9322662354       17.9607391357
        0.2585526407       -0.3692514300        7.9958477020        8.0085430145
        0.4020747840       -0.4020747840       10.0862255096       10.1022396088
        1.1061632633       -0.7745436430       23.9530868530       23.9911193848
        0.9163438678       -0.4272981286       17.9345149994       17.9629898071
        0.5095201135       -0.1365254819        9.3567361832        9.3715925217
        0.5933293104       -0.0519096106       10.5647306442       10.5815048218
        0.5980402231        0.1602443904       13.0882148743       13.1028518677
        0.9323402643        0.4347574115       21.7466602325       21.7709789276
        0.2608757615        0.1826671511        6.7322926521        6.7398214340
        0.4687393308        0.4687393308       14.0132932663       14.0289640427
        0.0518064834        0.5921508670       12.5655632019       12.5796155930
       -0.4249018133        1.5857547522       34.7045211792       34.7433319092
       -0.2369132936        0.5080621839       11.8504533768       11.8637056351
       -0.2573990524        0.3676039875        9.4865760803        9.4971847534
       -0.2395541221        0.2395541668        7.1616401672        7.1696491241
       -0.9858372211        0.6902906299       25.4410190582       25.4694690704
       -1.1009505987        0.5133815408       25.6794624329       25.7081794739
       -1.2444064617        0.3334378600       27.2340545654       27.2645111084
       -1.4907567501        0.1304243058       31.6341667175       31.6695423126
       -0.6058089733       -0.0530014597       12.8553915024       12.8697681427
       -1.0610699654       -0.2843128741       23.2217025757       23.2476711273
       -0.9462492466       -0.9462492466       28.2887897491       28.3204250336
       -0.4052583277       -0.8690794110       20.2711124420       20.2937812805
        0.1033996791       -0.3858928978        8.4453344345        8.4547786713
        0.1276157051       -0.2736727893        6.3833656311        6.3905043602
        0.2623877227       -0.3747285008        9.6704349518        9.6812496185
        0.4198760688       -0.2940003872       10.8355360031       10.8476533890
        1.2492338419       -0.3347312212       27.3397006989       27.3702754974
        2.8923885822       -0.2530513406       61.3770828247       61.4457206726
        0.8739592433        0.2341765016       22.7818126678       22.7997722626
        1.1615329981        0.5416317582       32.2698326111       32.2952728271
        0.5211524367        0.5211523771       18.5575504303       18.5721797943
        0.1831217110        0.2615249753        8.0387678146        8.0451049805
       -0.0656703934        0.7506160736       18.9720592499       18.9870166779
       -0.1968629956        0.2811494768        8.6419878006        8.6488008499
       -0.4698984325        0.3290264308       14.4437627792       14.4551496506
       -0.7570103407        0.2028402239       19.7332649231       19.7488212585
       -0.8854447603       -0.0774662793       22.3798980713       22.3975410461
       -1.0793989897       -0.2892241478       28.1370849609       28.1592674255
       -0.2730057836       -0.1273046583        7.5846748352        7.5906543732
       -0.3919706345       -0.2744608223       12.0484142303       12.0579128265
       -0.4296623468       -0.4296622872       15.2997074127       15.3117694855
       -0.6621557474       -0.9456564188       29.0676383972       29.0905532837
       -0.0906957760       -0.3384812474        8.8233137131        8.8302698135
       -0.0337588452       -0.3858649731        9.7528600693        9.7605485916
        0.0285418723       -0.3262346685        8.2456855774        8.2521858215
        0.1166762188       -0.4354415238       11.3508129120       11.3597612381
        0.2214110196       -0.3162076175        9.7196073532        9.7272701263
        0.2791935503       -0.2791935205        9.9417133331        9.9495506287
        0.5119274259       -0.3584554791       15.7356519699       15.7480573654
        0.3987649381       -0.1068487838       10.3947505951       10.4029455185
        0.3389193118       -0.0296516567        8.5662937164        8.5730466843
        0.8767385483        0.2349214256       27.2395954132       27.2547130585
        0.2547168434        0.1783546656        9.3318433762        9.3370227814
        0.2347687036        0.2347687036        9.9639034271        9.9694328308
        0.3732666373        0.5330799818       19.5299968719       19.5408363342
        0.4649374485        1.7351698875       53.9104003906       53.9403190613
        0.0511731058        0.5849113464       17.6205749512       17.6303539276
       -0.0495347045        0.5661844611       17.0564231873       17.0658893585
       -0.2771244943        1.0342426300       32.1331253052       32.1509590149
       -0.1387762427        0.2976066172        9.8546485901        9.8601179123
       -0.2245455384        0.3206842542       11.7486352921       11.7551555634
       -0.9780418277        0.9780418277       41.5094261169       41.5324630737
       -0.6481132507        0.4538138509       23.7443733215       23.7575511932
       -0.7566607594        0.3528367281       25.0553112030       25.0692157745
       -1.5073757172        0.4039002657       46.8330078125       46.8590011597
       -0.3809289336        0.0333269387       11.4755630493       11.4819316864
       -0.4278948903       -0.1995306313       14.1688852310       14.1767492294
       -0.5222608447       -0.3656910360       19.1336269379       19.1442451477
       -0.5481331944       -0.5481331348       23.2635173798       23.2764282227
       -3.3312442303       -4.7575097084      174.2968292236      174.3935546875
       -0.1524629891       -0.3269580007       10.8265619278       10.8325700760
        0.0449550264       -0.5138383508       15.4794864655       15.4880771637
        0.0906995907       -0.3384953141       10.5167903900       10.5226268768
        0.2215450257       -0.4751048684       15.7321500778       15.7408809662
        0.3475332558       -0.4963288903       18.1835784912       18.1936702728
        0.4958778322       -0.3472174108       18.1670532227       18.1771354675
        0.3017291129       -0.1406985968        9.9911575317        9.9967021942
        0.3885665238       -0.1041160896       12.0724639893       12.0791645050
        0.7624384761       -0.0667047203       22.9686164856       22.9813632965
        0.3530896902        0.0308913924       12.6734380722       12.6783933640
        0.3400478959        0.0911155939       12.5878038406       12.5927257538
        0.3394928277        0.1583081335       13.3939466476       13.3991832733
        0.2521609366        0.1765650064       11.0069484711       11.0112524033
        0.0266639832        0.3047706485       10.9391241074       10.9434013367
       -0.0292629935        0.3344775736       12.0053939819       12.0100879669
       -0.1313577592        0.4902336299       18.1473407745       18.1544361115
       -0.1745482683        0.3743200898       14.7679786682       14.7737522125
       -0.4200570881        0.4200571477       21.2411003113       21.2494049072
       -0.3060296774        0.2142842263       13.3583440781       13.3635673523
       -0.8733342886        0.4072425365       34.4554939270       34.4689636230
       -0.7374443412        0.1975975484       27.2985229492       27.3091964722
       -0.5821104050        0.0509281084       20.8936729431       20.9018421173
       -0.8818371892       -0.4112074971       34.7909545898       34.8045578003
       -0.7956033349       -0.5570875406       34.7284812927       34.7420578003
       -0.7012067437       -0.7012066245       35.4580383301       35.4719009399
       -0.1661631763       -0.3563380837       14.0585384369       14.0640354156
       -0.2020064443       -0.7538985014       27.9076175690       27.9185295105
       -0.0426885411       -0.4879322350       17.5133380890       17.5201854706
        0.0263602175       -0.3012984693       10.8144969940       10.8187255859
        0.2147086561       -0.2147086561       10.8572092056       10.8614540100
        0.6415274739       -0.4492023587       28.0029907227       28.0139389038
        0.5262298584       -0.2453850508       20.7612476349       20.7693653107
        0.3485189080       -0.0304914974       12.5093784332       12.5142698288
        0.4711576998        0.0412209705       20.1283969879       20.1339530945
        0.3331742287        0.0892737731       14.6796178818       14.6836690903
        0.8239607811        0.3842192292       38.6917152405       38.7023925781
        1.6476691961        1.1537103653       85.6037216187       85.6273498535
        0.2740727067        0.2740727067       16.4955921173       16.5001449585
        0.1178476065        0.4398132861       19.3781223297       19.3834705353
        0.0289303269        0.3306752145       14.1268253326       14.1307239532
       -0.0426437743        0.4874207973       20.8231754303       20.8289222717
       -0.0919309855        0.3430911303       15.1165542603       15.1207265854
       -0.1751419455        0.2501286268       12.9952907562       12.9988775253
       -1.2557687759        1.2557687759       75.5808563232       75.6017150879
       -0.5629057884        0.3941508830       29.2454509735       29.2535228729
       -0.5025544167        0.2343449891       23.5990505219       23.6055641174
       -0.7566083670        0.2027326673       33.3360748291       33.3452758789
       -0.9673523307        0.0846324489       41.3264007568       41.3378067017
       -0.7355441451       -0.0643517300       31.4232902527       31.4319629669
       -0.7311993241       -0.3409639597       34.3358078003       34.3452835083
       -0.3156922758       -0.3156923056       19.0005474091       19.0057907104
       -0.5740906000       -0.8198863864       42.5967330933       42.6084899902
       -0.1537311524       -0.3296775818       15.4810657501       15.4853382111
       -0.0913878232       -0.3410640359       15.0272417068       15.0313892365
        0.0324408524       -0.3708011806       15.8410520554       15.8454236984
        0.1766675115       -0.3788647354       17.7908058167       17.7957153320
        0.4823561609       -0.3377494216       25.0605430603       25.0674591064
        0.3569288552        0.1664386541       19.9929943085       19.9968719482
        0.5549142957        0.3885551989       34.3900871277       34.3967590332
        0.2242435366        0.2242435366       16.0992946625       16.1024169922
        0.3636354208        0.5193251967       32.1844978333       32.1907424927
        0.0711066276        0.8127524853       41.4176979065       41.4257316589
       -0.0778929591        0.8903201818       45.3705329895       45.3793334961
       -0.2190910429        0.4698422551       26.3177165985       26.3228225708
       -0.2313445956        0.3303942978       20.4757537842       20.4797267914
       -0.3352435231        0.2347400337       20.7762794495       20.7803096771
       -0.8583236337        0.4002428651       48.0780906677       48.0874176025
       -0.6077278852        0.1628402621       31.9401760101       31.9463729858
       -0.5159999728        0.0451441817       26.2952537537       26.3003540039
       -0.3777574003       -0.1012197807       19.8536853790       19.8575363159
       -0.4245436490       -0.1979679167       23.7803630829       23.7849769592
       -0.2193330228       -0.2193330526       15.7467508316       15.7498054504
       -0.0730289668       -0.8347250819       42.5374183655       42.5456695557
        0.0767023489       -0.8767127991       44.6771011353       44.6857681274
        0.2221621275       -0.3172804117       19.6630382538       19.6668529510
        0.2572411597       -0.2572411597       18.4683189392       18.4719009399
        0.2472278327       -0.1731108129       15.3216209412       15.3245935440
        0.4157725573       -0.1938779503       23.2890605927       23.2935791016
        0.6038061976        0.2197674662       38.8727836609       38.8780937195
        0.2450177968        0.2055942863       19.3498458862       19.3524894714
        0.5626860857        0.9746009707       68.0816574097       68.0909576416
        0.2942110896        1.6685539484      102.4997329712      102.5137329102
       -0.0891408771        0.5055431128       31.0556526184       31.0598945618
       -0.3343131840        0.5790475011       40.4499015808       40.4554252625
       -0.4640364051        0.1688953787       29.8744659424       29.8785457611
       -0.7927798629        0.0000000388       47.9608116150       47.9673614502
       -0.6238298416       -0.2270555496       40.1618995667       40.1673851013
       -0.2758249938       -0.2314446568       21.7827930450       21.7857685089
       -0.1966715306       -0.3406451046       23.7960815430       23.7993316650
       -0.0816064775       -0.4628134370       28.4307575226       28.4346408844
        0.1064626947       -0.6037798524       37.0903625488       37.0954284668
        0.2414930761       -0.4182783365       29.2192230225       29.2232131958
        0.5591107607       -0.2034997046       35.9953117371       36.0002288818
        0.6451408863        0.0000000451       39.0290946960       39.0344238281
        1.0760123730        0.3916364610       87.8433303833       87.8507995605
        0.8127479553        0.6819765568       81.3915405273       81.3984603882
        0.4173138738        0.7228087783       64.0280380249       64.0334777832
        0.1166398823        0.6614981294       51.5293350220       51.5337142944
       -0.0938551128        0.5322794318       41.4634628296       41.4669876099
       -0.7596310377        1.3157194853      116.5494003296      116.5593109131
       -0.7520884871        0.6310772300       75.3168869019       75.3232879639
       -0.7454690337        0.2713286579       60.8584899902       60.8636627197
       -0.4573544264        0.0000000305       35.0857086182       35.0886917114
       -1.3055293560       -0.4751739502      106.5806121826      106.5896682739
       -1.1583805084       -0.9719967842      116.0044555664      116.0143127441
       -0.5184858441       -0.8980436921       79.5507431030       79.5575027466
       -0.1463894248       -0.8302156925       64.6720809937       64.6775817871
        0.0643502772       -0.3649486303       28.4287414551       28.4311580658
        0.8949968219       -1.5501797199      137.3184204102      137.3300933838
        0.8468657732       -0.7106049657       84.8082351685       84.8154449463
        0.7214054465       -0.2625701725       58.8939895630       58.8989944458
        0.8064370155       -0.0000000594       61.8653984070       61.8706588745
